7.251938619053852619e+00 3.001871406290140598e+00 1.153380403074346194e+00
3.716227024066378615e+00 2.672615889071321416e+00 1.354032249179047742e+00
1.195828606402096206e+00 6.247427922285733182e+00 1.075494293867560902e+00
1.199644610572510040e+00 3.033622819473185128e+00 9.641914569661124146e-01
6.179369970373331356e+00 5.683735542104273453e-01 5.447070000028685355e-01
9.763813628755513285e-01 7.261787793797712887e+00 5.465902790730183813e-01
6.846936092267315921e+00 3.743675173674568590e+00 4.936455124945916539e-01
4.447398334245922236e-01 3.120405078463344140e+00 1.352304470777363932e+00
8.841362078235746935e+00 9.568298726224699902e-01 1.252835385945281210e+00
3.331670336270637911e+00 6.454315074134796326e+00 7.499931918917855933e-01
9.589470168267999028e+00 1.221005751278432250e+00 7.505787085281212523e-01
4.561960653344534933e+00 1.323897511834681850e+00 1.119892040163363411e+00
4.068559173944491292e+00 6.406012125048432537e-02 9.703466635594065748e-01
5.333139203774058146e+00 7.227319771605409393e+00 1.268299782062486836e+00
6.355287441656907177e+00 8.763060256289245675e-01 1.027886797528315244e+00
1.151852352474247443e-01 8.197350416574405330e+00 1.135030624340936711e+00
6.557561033738679157e+00 1.576814229138946422e+00 1.316811405373011112e+00
9.199619059933484166e+00 6.067340134911849425e+00 8.910935017450636320e-01
1.833293109783104002e+00 5.786356309596476066e+00 9.196915466158184227e-01
8.090426681022842459e+00 4.494316407104024691e+00 1.214773674299545192e+00
